-67.843652 -67.792598 -67.838476
-69.444639 -69.391442 -89.465736
-70.541923 -70.503407 -78.682873
-68.902817 -68.884544 -80.028543
-65.150882 -65.209021 -65.129516
-67.026661 -67.037667 -115.973523
-64.568242 -64.532678 -64.616197
-63.899087 -63.995629 -64.010356
-61.406647 -60.697328 -60.232061
-60.845800 -60.460480 -136.265656
-60.552022 -61.223663 -88.836142
-61.025553 -61.347925 -136.462234
-48.185236 -48.251679 -48.109911
-46.713671 -46.701364 -101.452618
-46.223289 -46.285249 -48.055746
-45.590492 -45.528646 -45.553349
-43.951862 -43.961267 -137.581788
-41.360752 -40.943803 -120.476983
-40.964266 -38.534730 -43.667995
-39.394809 -39.554113 -39.379075
-29.870025 -31.334911 -28.406509
-31.120424 -33.363522 -33.063808
-30.623451 -30.578300 -37.154552
-33.718551 -33.694612 -33.729244
-21.915540 -25.172765 -136.746656
-21.927032 -21.855738 -127.281608
-26.888701 -16.461531 -57.704481
-21.312263 -21.441316 -15.163749
-10.942231 -10.441354 2.778581
-5.666234 -21.150829 -22.828531
-12.996097 -8.836097 -33.396272
-14.297891 -7.256322 -17.045128
15.815697 -1.033391 -125.179899
5.698283 4.327426 -120.754514
-10.081640 1.500952 -16.476896
0.527098 0.384690 36.594115
40.107529 3.876040 -133.693508
1.574403 13.872333 -67.990102
4.018140 16.904264 -16.428286
4.262358 6.972699 81.221528
21.491334 14.013579 -117.101669
17.803158 29.419050 5.051070
11.987769 47.834632 -112.962201
17.611468 15.207631 107.928352
51.272061 48.129328 -96.104335
61.199902 86.841359 -23.889777
56.688994 61.198688 154.547989
133.684110 45.764351 -97.533113
78.325900 76.865891 52.871359
64.423563 114.242663 -95.913245
63.893099 65.197141 205.338862
69.234965 77.012270 -128.791410
262.792851 167.767137 74.904647
209.692974 186.516677 -77.176487
153.461278 240.203547 -5.143361
197.110694 186.140385 256.147815
-42.728152 -41.327396 -32.318215
-41.159304 -41.362977 -39.690139
-41.191595 -42.388498 -129.075403
-42.264090 -41.284602 -129.342216
-34.433257 -33.192763 -38.062335
-34.057876 -33.242593 -31.354922
-33.195442 -34.013105 -127.589898
-33.633275 -34.285330 -118.674705
-18.329670 -11.998647 14.859789
-14.640613 -17.715177 -6.693340
-16.235889 -19.591841 -101.304630
-18.293105 -5.096615 -119.490741
-86.959044 -86.472085 -131.361825
-84.573912 -84.468161 -81.575797
-84.884079 -84.441832 -143.489430
-85.726735 -85.373870 -86.239536
-23.695469 -26.985420 -126.341368
-26.741322 -27.000875 -35.090599
-26.738700 -26.613406 -136.907418
-26.483242 -26.422467 -11.820028
11.704498 -18.991172 -122.346592
-19.106606 -10.264852 -26.506127
-17.995504 4.922025 -95.672698
0.640609 -3.175836 35.866645
28.717066 -3.254017 -112.367365
-4.203374 7.102157 -48.965166
-1.576917 14.383286 -104.044871
7.486463 6.560029 78.294050
29.461909 27.579131 153.957141
32.452123 22.851606 -0.425996
24.201099 49.064434 -95.504212
31.159949 115.729373 -115.538682
84.989781 35.159436 158.798405
41.176191 59.926485 -46.766425
25.851279 93.108843 6.223387
52.309742 138.661044 -115.277198
261.735603 140.905218 218.018388
194.241107 170.106875 -71.325902
153.043332 241.510621 -1.366851
183.120604 196.005025 274.063756
